11.3016
14.6604
1.871
5.67415
0.33065
0.724617
0.366514
0.900821
0.458976
1.29049
2.14191
0.486945
0.873897
2.13899
0.989149
0.126138
0.224459
0.832598
1.55946
0.840073
1.49332
0.131324
0.590675
0.0324149
0.434823
1.81512
2.14475
1.13964
2.29411
0.147024
0.656917
0.849944
2.51001
3.24273
2.70953
0.644224
0.0581795
0.779815
1.01071
0.285912
2.46399
0.90439
1.70972
1.19475
1.08031
0.545913
0.087275
0.116395
0.0489192
0.652817
0.112185
1.04364
1.42815
1.85874
0.411785
0.357537
0.446213
0.788792
0.308295
0.247057
0.327229
2.4642
1.33325
0.496868
2.42388
0.174677
2.41538
0.500544
1.40462
0.117526
0.706278
0.563659
1.22086
4.16341
0.099538
1.54693
2.95544
0.519627
1.74328
3.49002
1.02041
0.119926
2.71388
1.49711
2.03015
1.06453
2.67942
2.04252
0.0398581
1.71232
0.915122
1.06021
0.938692
0.870913
0.370751
1.6795
1.20204
0.334312
0.0230625
1.03661
0.70764
1.51088
1.52654
0.303881
1.54596
0.779342
0.991025
1.65458
0.939904
2.20297
0.743494
3.75525
0.709769
0.523514
0.748523
0.316702
2.50844
2.10073
2.01372
0.289752
2.5525
0.0848754
0.910757
2.405
0.0692879
0.46861
0.693805
1.14479
0.38341
0.195031
3.31511
1.90377
3.15558
0.988816
0.514155
1.61136
2.35004
0.238349
0.907519
0.0883064
0.479085
1.88512
0.0319864
1.52291
2.6407
0.75787
3.3646
0.599326
0.559596
0.951201
0.0868875
0.152575
0.188472
0.0322167
0.502119
2.23549
0.0768506
0.576946
0.780479
0.192753
0.973952
0.335555
1.11916
1.22105
0.652164
0.0982282
2.93569
1.05727
0.432123
0.186798
1.02418
0.449931
0.32911
0.126152
0.596705
1.64785
2.79032
2.0392
0.350538
1.79852
2.01882
0.0338489
1.09527
0.49414
1.03023
0.410152
0.175323
0.435037
4.70932
0.147218
1.20204
0.0245974
1.20608
0.451402
0.762513
1.47411
3.33785
0.0339429
0.147937
1.50992
1.1679
0.932686
3.71861
0.760316
2.94961
0.949337
1.16163
2.81547
1.08174
0.283197
0.0316474
0.523837
0.370675
0.525334
0.409261
1.4526
1.3593
0.726848
0.51426
0.327811
0.385242
0.256881
1.03075
1.36577
2.08868
1.37183
1.07936
1.93437
1.94978
0.938165
0.247736
0.316273
0.80345
0.460669
0.189051
6.12025
0.336303
0.285414
0.839388
0.172958
0.137631
1.01485
1.0435
2.34942
4.00529
0.106833
0.0899798
0.799462
0.156309
3.18607
0.879357
0.447719
0.656426
0.974727
0.915826
0.26952
1.32387
0.88398
0.265915
1.01328
0.967971
1.0443
1.54111
2.55316
0.315181
2.7979
0.812846
2.98802
0.323724
0.349836
0.635975
0.0729073
0.765331
0.374553
3.26158
0.322053
0.181048
0.723266
0.466526
0.0867731
2.09666
1.38984
3.19425
6.8671
0.559128
0.0711551
2.05279
0.585036
0.103731
1.15341
1.22086
1.298
1.87178
0.716474
1.71671
0.732769
0.109006
0.23204
0.929319
0.373233
4.41268
0.0801187
0.301808
0.707106
0.155384
0.472654
0.776395
0.782706
0.930183
2.96668
1.25266
1.35829
0.88946
0.816241
3.10063
0.736048
0.0207444
1.43792
1.09768
1.69395
0.675049
0.480161
0.939484
0.165158
0.566642
1.33118
0.0976568
0.91691
1.27949
1.09367
2.30049
1.22668
0.610107
1.03993
0.563893
0.178633
0.239518
0.35311
0.839459
0.352157
0.761088
0.597949
0.730168
0.392955
0.489156
1.78307
0.691285
0.371844
23.8954
8.32288
6.73821
26.5614
14.3528
19.8207
30.019
9.9029
26.3081
3.39846
0.260346
2.15512
0.230041
0.0667629
2.62779
3.52672
3.77911
1.77826
0.874139
1.2599
0.713336
0.189491
0.126015
0.189328
2.69859
0.846189
2.30777
0.197329
0.213986
0.605558
0.197524
0.161894
0.467449
0.0477392
2.3661
0.516156
0.0626651
1.23183
8.52641
0.951905
0.554624
0.596655
1.84235
0.964549
1.00015
0.087559
0.378742
0.305402
0.344316
0.87599
1.42855
0.850633
3.89067
0.636874
2.26245
1.19199
0.16845
1.55085
0.288463
0.768136
1.0571
0.125293
0.684582
0.174046
3.01324
0.184372
0.807863
0.00280787
0.435672
0.23949
0.714969
2.13385
2.75908
0.061609
1.1699
3.04187
3.98392
0.277466
0.310805
2.93592
0.670538
1.02673
1.99713
0.63677
1.72781
0.62363
3.83654
0.38978
0.42866
3.04707
0.17861
1.32983
0.0557083
0.907389
3.19748
1.95831
2.55118
0.0217758
0.112023
1.87884
2.24064
0.755544
0.142304
1.65553
0.923513
0.776971
2.33729
1.01192
1.36825
1.84951
1.78689
4.05165
3.13419
0.101724
1.31221
0.0722288
0.439789
0.241688
4.41065
0.0330186
0.467023
0.377924
0.877695
0.0816924
0.456344
1.89439
1.08968
1.90792
0.924199
0.534687
0.402926
0.470791
2.96329
3.9903
4.12444
1.47489
1.10009
1.20096
1.38754
1.07093
2.32533
1.59937
0.828455
0.709367
1.44505
3.02182
1.68565
3.35175
0.422058
1.37836
2.906
1.02035
0.70125
3.16626
0.233902
0.166915
3.05735
2.01308
0.252457
0.192656
0.273792
1.59561
0.177921
0.35719
2.17698
0.0132192
0.657038
0.58754
0.142787
1.38493
0.376327
0.0201843
0.0147612
2.05879
0.519896
0.388052
0.870908
1.57632
0.185302
2.52091
1.86415
0.555795
0.111751
2.97699
0.488174
0.213546
1.60589
0.606586
0.79893
0.702954
1.11892
2.2712
0.216245
2.04418
0.0144124
0.229398
2.55544
0.412831
1.5914
0.572334
1.55899
1.01652
2.48201
0.0173664
1.66068
1.73993
1.18141
1.73174
1.12928
1.28468
1.68669
0.712632
1.59548
1.09554
0.933356
1.09275
0.0351398
0.0832646
3.63427
2.4213
3.45879
1.14527
0.405919
3.71093
0.108339
0.128309
1.43546
1.48048
1.76304
0.0311395
0.916649
0.397531
0.0289536
0.30456
0.0261206
0.289761
0.602773
4.57293
1.61931
0.796824
1.92945
0.299728
0.172732
0.152089
0.396034
2.87016
0.0913438
2.9005
0.0226367
0.898637
5.1099
0.58627
1.31149
2.75534
0.0358949
1.96763
0.244777
0.634818
0.344905
2.96905
0.451937
1.84955
0.82106
0.968834
1.8616
0.562423
0.826355
0.453138
3.08622
1.4063
0.774326
0.479227
1.31086
0.234019
1.28237
1.51886
4.43593
2.54806
0.737922
1.48227
1.07033
0.0293775
3.31686
0.528972
4.26415
2.05462
0.120516
0.611489
1.76817
1.40411
0.110876
0.34614
0.0669752
1.90061
0.473475
0.366108
0.0613517
2.43942
2.22871
0.082019
0.803875
0.436848
1.47678
0.0836906
0.584756
1.63359
1.37247
0.610423
0.495413
0.824928
5.72132
0.355889
0.382389
1.14333
3.53271
0.394357
0.70547
0.192999
0.932989
0.541276
0.537283
0.620248
0.584621
0.314025
1.1838
0.763228
0.266904
2.49492
1.09955
1.93573
0.0443989
1.36856
2.72633
0.973263
1.0683
0.252871
0.531143
0.703205
0.318582
0.186678
1.98467
0.857691
1.01783
0.00361519
1.03474
0.140356
2.32825
0.598956
1.64611
0.671833
3.38831
0.281354
0.628247
1.83099
0.0979287
0.560717
0.46176
0.754321
0.803043
1.25277
0.341054
1.42506
1.53554
2.30855
0.633391
0.188809
0.0284526
0.91556
0.282625
1.50405
0.810256
3.24307
2.36979
0.00194917
0.362528
0.710695
0.164715
0.652881
0.189824
0.319126
0.226856
2.57206
0.881754
0.60627
0.170575
3.24196
0.843532
1.36383
0.284414
1.06266
0.146181
1.5549
0.0959599
0.459525
0.520599
1.16335
2.34904
0.0769464
1.06711
0.515663
0.225245
0.311734
3.00166
0.707005
0.169304
4.09319
0.257673
0.768142
0.552668
1.35423
6.33776
2.65152
0.0469215
0.867587
2.64916
1.98777
0.580026
0.726376
0.249111
0.150271
0.687132
1.58529
0.0846934
0.182109
0.160412
0.35295
0.233821
1.10144
0.0668648
1.02101
1.12567
0.132739
0.507128
0.237932
0.369907
0.547945
0.123192
0.973344
0.591741
0.241301
2.84701
0.332715
3.60916
2.35208
0.116817
0.698495
1.89516
0.0940817
0.304793
0.31884
0.659179
0.261675
0.390022
1.59408
0.897445
0.715745
0.2981
0.58693
0.674036
0.75794
0.081123
0.632072
1.54853
0.571762
0.896723
0.180079
0.258606
2.50835
0.107367
0.147722
0.438816
0.0968732
3.57703
0.238402
0.0842219
0.248133
1.73315
1.93908
0.187137
0.710226
1.90448
0.173891
0.139263
0.691778
4.42208
1.67322
0.345806
0.112449
2.42529
2.69355
0.46837
1.53275
2.45479
3.39302
2.63928
0.812056
0.871215
1.35432
0.0667684
0.522075
0.372383
0.0344218
0.439413
1.52508
4.79045
0.0146334
1.08876
1.32556
0.0309512
0.354807
0.995735
0.312928
1.11426
0.349514
0.446539
1.05682
0.479901
0.240317
0.135868
2.2214
1.055
0.261291
0.0730571
0.0755985
0.0521129
0.537884
1.68062
2.35987
0.217669
0.782594
1.60536
0.295425
0.149506
1.05931
0.273512
0.688946
1.399
0.803851
0.0142695
0.330687
0.190251
1.37135
0.525915
0.105475
0.531586
2.07976
0.179051
3.63423
0.894424
0.3073
1.25068
1.80394
0.202202
1.25845
0.672905
0.644918
0.435958
0.381621
0.188224
0.712369
2.16574
1.25876
0.0616694
2.17531
0.647139
0.0315393
0.897778
0.142471
1.17001
0.87743
1.43377
0.191775
0.447241
0.356847
1.51118
0.448994
0.463899
0.0929557
0.414295
3.80223
0.867197
0.79673
0.537162
0.019203
0.397815
0.507266
0.657253
0.47972
0.997586
1.54329
0.377726
1.56953
0.0926468
0.475502
1.76465
0.630935
0.101073
1.8069
2.08198
0.592479
0.209297
0.515497
0.910427
0.081462
0.191454
0.534694
0.993527
0.336799
0.605328
0.312628
5.37014
2.37138
0.396689
0.250122
1.04603
0.0981557
0.346355
0.892297
1.74135
1.09397
2.09691
1.08771
0.0189993
0.00989609
0.687968
1.20416
0.861525
0.656643
1.39984
2.96814
2.10816
2.16241
2.51936
0.418452
1.66174
2.34183
1.34797
2.13017
1.75549
0.0895472
0.873892
1.58534
0.152417
1.73941
5.47613
4.68306
0.713172
0.592696
2.78807
0.219354
0.250583
1.23455
