0.478952
0.777985
3.3544
0.133584
1.04017
0.827376
0.0805752
2.90303
0.272188
0.0191442
4.49246
0.339351
4.59531
29.1168
1.56235
0.102802
0.33855
0.127635
0.402307
0.0312311
0.240948
0.238955
1.66338
1.30194
0.0744469
1.5713
1.20808
2.89585
0.94475
0.410422
0.216459
0.33973
0.0936515
3.04071
1.79702
0.226294
0.880284
2.90706
0.0354377
2.17418
0.665092
0.298564
0.409205
0.0545625
1.01981
6.41831
2.06776
0.315147
0.363869
0.498924
1.13046
0.129392
1.28638
0.598997
0.191955
1.48712
0.415119
2.09355
3.32263
1.39613
0.823868
0.202717
0.356986
0.517138
0.232433
0.171883
1.81184
0.171122
0.596397
0.733073
0.627993
1.24762
0.498664
0.132048
0.259447
2.00958
2.95155
4.32162
1.28274
3.63113
1.23891
1.32273
0.484999
0.0112205
0.191358
0.0328209
0.0897508
6.86504
0.173669
0.657707
1.6928
0.669271
3.7383
1.61393
0.046992
0.63224
0.196212
0.00439954
1.11244
4.99894
0.457527
0.602029
0.15042
2.16768
1.98682
1.55451
0.557258
0.462223
1.20593
2.26878
0.923823
0.583065
0.530356
0.65441
1.66404
1.86038
0.612171
0.251344
0.24303
4.33244
1.29167
0.702007
17.4344
1.97771
0.740385
1.29771
0.422531
0.373806
0.393304
0.0463434
0.545452
1.26289
0.836078
0.195633
0.949418
0.0380126
0.270382
0.845325
0.862458
0.134842
0.439628
1.1772
0.531115
0.692049
1.86273
0.316129
15.4468
1.1226
0.189763
0.412991
1.27999
0.423552
1.29463
0.0123931
0.919487
1.37496
0.427568
0.697634
2.40764
1.85549
2.66714
1.82907
0.648331
1.99429
3.41206
0.584161
2.47412
1.44471
0.0933236
1.70855
0.599761
19.1165
0.862457
0.74657
2.79541
0.526614
0.491875
0.553816
1.30826
1.23436
0.0502934
1.97573
0.852595
0.0615289
0.951115
0.619325
0.262926
0.0966516
2.73026
0.246939
0.114222
0.384939
0.583576
0.0562747
0.373566
1.12295
0.604061
5.63981
0.262087
11.1699
2.53773
0.0966517
0.880132
0.390653
0.68838
0.175995
0.37919
0.243272
2.32034
0.0720507
12.7769
1.17554
13.3671
1.40508
1.65301
1.7397
1.99912
2.46505
1.20103
0.157182
1.1071
1.73237
2.09684
1.29287
3.57508
1.85213
0.118412
0.27001
1.42958
1.62036
0.323697
21.8672
0.745536
1.4556
1.96813
1.51051
0.152283
0.118033
1.91858
1.07005
2.3442
4.82135
2.50596
4.42548
0.781311
1.20784
1.37424
1.53032
0.479516
0.720425
0.499769
37.2164
0.55837
0.818601
2.18168
0.615522
0.349472
2.26441
0.500497
2.70445
1.5976
0.0947963
1.77843
0.94621
1.42989
0.0354952
2.94364
0.2008
1.84658
0.779334
3.18673
0.913208
0.281599
0.0209475
1.01893
0.10893
1.50268
0.227417
0.19942
8.20045
0.412218
0.453264
1.03637
0.176983
3.36013
0.674262
0.34697
2.04505
0.941572
0.591693
0.24422
0.107434
0.236684
2.07846
1.79015
1.51002
1.32024
0.482625
25.1674
1.10272
0.266229
0.143767
0.393238
0.0553524
0.652687
2.25915
0.578072
1.10861
1.62533
0.290764
0.399926
0.521886
0.0655527
0.924989
1.45236
0.160619
0.878472
0.478364
0.221867
1.83704
0.00504919
1.92306
5.79927
0.424878
0.362989
1.51755
0.0430479
2.01844
3.77924
1.0304
0.789253
0.112801
1.31715
0.261391
3.47132
0.444811
0.935853
2.1102
0.600252
0.0736023
0.841551
3.96185
0.697594
2.33355
1.74878
0.502603
0.213322
2.60475
1.78608
1.44588
1.11095
1.4989
0.141456
0.362567
2.16756
1.80018
2.65256
0.359275
0.432081
0.34819
2.76904
1.42311
2.01227
0.222333
1.93922
1.32625
1.95369
0.777148
0.0445097
1.82497
0.931781
1.33173
0.697508
12.1785
2.46374
0.915084
1.13701
0.553287
0.0106869
0.329042
0.744781
2.50352
0.470996
3.00587
4.02922
0.179866
1.84276
1.55947
0.711599
0.107353
1.31567
1.27073
0.782886
3.27664
0.363783
0.00597993
0.168613
0.22416
0.648717
0.0751761
0.624487
0.199602
0.302117
1.11689
4.02432
1.68716
0.446953
0.759916
1.25201
0.575195
0.107226
3.58684
1.60551
1.28882
59.0115
0.35171
0.399231
0.903495
0.88499
1.24424
0.541682
2.35642
0.0129703
0.0672747
6.51861
0.825508
0.118018
0.0731978
1.37935
2.86312
1.9483
1.95595
1.1697
1.21656
0.793434
0.858104
0.352581
13.3161
1.10466
1.70481
0.190336
0.263922
3.53774
0.0368243
15.1754
1.7853
9.17633
0.107923
0.507237
0.411111
0.568692
0.0710312
0.0130787
0.602366
4.28536
1.62418
1.67596
1.45194
2.0164
3.02477
1.71924
0.365072
0.569422
0.838272
0.135951
0.0545656
0.407853
0.755724
1.23618
2.69437
0.283314
0.188617
12.2738
0.922193
0.735197
0.256555
1.04376
1.43936
2.06165
0.918946
0.789971
0.115591
1.8955
0.931613
0.772183
0.081526
0.104503
0.340347
1.64737
1.10694
1.01206
0.245658
1.91487
24.2273
0.692289
0.356433
2.03433
0.394251
0.300733
2.39339
1.32011
0.882015
0.601142
0.104427
2.81624
1.38756
1.20263
0.841639
2.63653
0.335221
1.34454
0.456314
22.3053
2.2747
6.45072
0.436377
0.0661574
0.147858
0.18461
2.65813
0.100982
2.93243
0.47405
0.162742
4.04843
8.88138
1.51262
0.251385
0.580764
0.339653
0.646996
9.90571
2.56744
0.98397
3.67469
0.147086
3.36526
0.594026
0.0151047
1.2599
0.049112
0.198923
6.14832
0.375733
1.7482
0.151267
1.26568
0.0735841
1.78265
0.157015
2.2383
1.08853
0.525448
0.0619427
0.727186
0.454715
2.17763
0.415845
0.299047
0.0424618
0.322821
1.56069
0.410563
8.61443
0.225416
0.0333688
3.15212
1.17506
1.11012
0.252046
0.26646
1.27343
0.498607
21.2117
1.18816
0.558885
0.87452
0.543525
0.235021
0.565723
2.55512
1.19953
1.73877
0.967705
0.304197
1.20283
1.45645
0.60776
2.34018
0.569253
1.27472
0.261491
0.478372
0.00774729
20.5184
2.02709
1.47154
3.94865
0.0781055
5.82701
0.314248
2.25336
0.802329
1.12877
0.405913
0.275238
0.0820705
2.2218
17.3633
0.249235
2.24856
6.9572
1.19873
1.15489
0.516236
0.422349
15.2838
0.48866
0.467151
1.30743
0.61993
0.686313
0.198955
1.337
0.917165
0.254473
1.04888
0.117594
0.0751567
1.34111
1.77169
0.29811
0.0207109
0.922683
0.0945219
0.857537
1.55116
0.838055
0.442532
2.22374
0.809979
0.624519
0.602742
1.64098
3.27132
1.07511
3.5936
0.396558
0.517503
0.146948
0.0128771
0.26289
0.31584
0.458173
0.454401
0.646653
2.00729
0.772547
0.105761
1.78321
0.520117
4.57371
1.08386
0.255567
0.243567
0.615862
0.372363
29.9876
2.11791
0.37724
0.885002
0.388839
0.716066
0.307024
0.5197
0.457632
0.346766
0.542205
2.13537
4.22281
0.37286
2.94563
0.892036
2.27922
0.642417
2.2157
0.060637
0.445562
0.224275
1.37582
0.238824
0.916171
1.68715
0.180982
1.5161
0.0886076
1.3902
1.36213
15.7329
0.193139
0.304652
2.0013
4.08193
1.30616
1.45052
0.11243
0.665404
1.86009
0.481192
0.104984
5.05012
0.346601
0.760862
0.652814
0.733008
0.183916
0.543469
13.5038
0.825376
0.437657
0.332572
0.141953
0.227212
0.0680775
0.570545
1.84579
0.52971
0.379388
0.0943779
3.99954
0.470624
0.622773
0.0235614
0.805331
0.481064
0.191566
0.552236
0.324497
0.0615675
1.05576
0.948488
0.378572
3.10067
1.06683
2.81605
0.34892
0.518853
1.52809
1.35207
8.31007
0.250802
0.826632
0.514612
0.897426
0.0449423
0.532696
84.0991
0.362014
0.870811
1.06997
1.09864
1.48206
0.182685
3.954
0.910518
22.3063
0.876507
3.19683
0.381103
3.01368
3.8857
0.95723
0.0941464
3.96951
0.0161277
0.78418
2.75805
0.00944036
2.24616
0.644374
0.258556
1.9508
3.13945
0.0133912
1.05228
0.0559166
0.446249
0.625668
0.446436
0.540706
1.15902
0.324868
1.16433
0.518643
2.68833
0.364152
2.40726
0.634867
0.171552
0.813361
0.281142
1.18874
2.05829
11.8165
0.119065
0.482112
1.08544
0.092946
0.0721074
2.46996
0.823476
0.257997
1.09727
0.089767
0.177377
0.990447
0.0810057
2.28743
0.0571902
0.613512
0.047252
0.123646
1.39366
0.88433
9.8981
1.32811
0.42581
1.75656
0.870804
1.70639
7.47022
1.00134
1.89465
2.79961
0.942138
1.28601
0.0102043
2.59306
1.56641
0.282003
1.63155
0.0204412
3.36105
4.43854
0.430954
4.40865
0.0735686
0.0147033
1.57995
0.161147
0.0817698
0.228956
1.14222
2.8361
0.547391
2.46949
2.33861
1.20376
0.872986
0.823429
0.652263
1.23193
0.0147266
0.0101803
0.836237
0.0301988
24.6285
1.03765
1.86346
1.01425
0.121773
1.29943
0.587523
0.609261
0.418968
0.654956
2.04829
0.772765
3.68239
0.834217
1.04636
1.1655
1.36111
18.0075
0.963593
1.32627
0.681139
0.827073
0.504822
3.11304
0.0817171
1.33679
4.01092
1.04425
1.17308
0.353546
0.0643881
0.046251
2.94816
0.0123591
0.216367
4.37742
0.697606
0.617913
1.01306
2.5452
0.468529
0.0300102
0.199016
0.386069
0.0420939
1.28233
0.786332
0.119507
1.04105
8.51487
3.28736
8.9237
0.333185
0.140781
1.7413
0.109039
2.98027
0.0710982
0.362783
0.301025
0.335271
0.337467
32.3122
0.0105609
0.619653
1.17372
4.11731
0.0207155
0.761537
1.97752
5.11521
0.62559
0.43433
1.37441
3.08816
1.26277
1.17217
2.7361
0.00141193
0.205918
2.58392
0.721509
0.147953
0.582778
0.326173
2.61939
0.396351
0.23143
1.26734
0.16377
0.20442
0.149858
1.40832
1.09555
1.27979
0.102933
0.342559
0.838423
0.432811
0.0595902
0.316177
0.843803
0.94831
0.333536
0.0869775
1.91352
3.3175
1.30403
3.39315
0.0768434
0.7872
0.0860216
0.817171
0.00589504
0.955398
2.29268
0.480116
0.0206472
1.02512
0.40944
2.02379
1.57587
3.85756
19.2572
0.0896799
1.97317
1.34063
0.0515563
0.636828
0.218214
0.742698
0.229502
0.0366793
0.273593
