0.318917
0.0564692
2.77611
0.606641
0.208142
1.73383
1.01587
1.52623
1.38206
0.708991
0.0661156
0.209071
0.714281
3.26057
0.576195
1.12457
5.11048
4.94569
0.246984
0.986716
2.08168
0.261868
0.376729
0.0425618
0.546118
1.0092
0.850983
1.67662
1.4502
0.317926
0.626941
5.27437
6.27182
1.42033
2.70088
3.4215
3.09881
4.60138
3.09867
0.346882
0.795115
2.42719
3.69056
1.00907
0.64855
1.62705
0.872352
3.26434
5.52731
0.108694
0.239229
2.37056
0.430084
3.45332
3.9425
0.137068
0.329206
0.683303
1.46242
1.37113
1.39683
4.72522
0.782175
2.68372
4.94227
6.49531
0.647936
1.78984
0.693696
5.28018
1.32722
2.32415
0.129189
3.53935
2.64408
0.334511
3.15362
0.0689561
0.0133718
1.43981
4.29702
2.82752
0.241424
1.73684
0.104665
2.12163
0.083261
1.63004
3.77195
0.106982
1.09476
5.72032
0.503155
0.722899
1.08346
0.300447
0.378558
1.51172
0.625883
5.49303
0.293589
2.06873
1.03332
0.54095
0.0382617
2.03917
3.47053
0.151618
0.995629
3.63997
0.584695
0.220266
1.92599
1.12027
0.427644
0.201991
5.80922
1.52378
2.6755
1.10503
0.474357
3.80329
1.11397
0.0856815
2.68504
1.51959
1.41145
0.0448585
0.28176
1.73435
4.58662
0.00982035
2.36525
6.40713
0.408339
3.06783
0.141677
2.3007
0.849583
2.82073
1.70285
0.0864949
2.90226
1.70416
1.25341
1.00044
1.90146
0.81521
0.749835
0.235226
0.163427
0.698384
0.231403
3.05588
1.20449
2.2471
0.373729
0.608038
7.18516
0.540792
1.09065
3.8917
1.07735
1.08577
0.0421263
0.471044
3.49441
0.196703
5.50219
2.44174
0.0731074
1.45299
0.527351
2.12707
0.712018
2.43565
1.65944
0.277859
0.671738
1.32667
0.369011
1.16254
2.57272
3.20636
1.19407
5.97162
2.38837
1.52899
0.454211
1.40601
0.921612
0.413479
0.0448884
2.77048
3.21648
0.889954
3.2703
0.863379
4.33378
0.489057
11.092
1.21197
1.84926
0.361374
5.09898
0.612756
1.76303
0.667633
3.84391
0.733491
2.23421
0.290901
0.0648617
4.21816
1.19923
0.727861
0.684807
6.50129
0.205942
1.2271
5.91089
0.73156
3.22432
0.584183
0.0588735
0.636382
2.25904
1.28357
1.33498
3.00251
0.352881
5.80108
1.01181
1.04399
3.44181
2.71088
0.498793
0.411479
0.222131
0.27649
1.28569
1.84017
0.283246
1.66254
2.31898
1.76659
2.55687
0.386174
3.53381
0.0145283
1.49542
1.69099
0.924687
0.247198
1.44387
5.32331
1.88769
6.24223
0.721818
0.279289
4.24929
5.50062
0.282556
0.816277
8.93424
0.197085
0.500061
1.92635
3.10983
0.269748
0.99058
0.469722
1.23915
1.80114
0.139436
0.352671
5.53785
0.103754
1.64097
2.35025
0.864712
0.192049
0.599348
0.284176
5.80029
0.231704
2.25161
7.06843
0.48403
0.308481
3.9021
2.89516
1.47332
1.27165
0.735644
0.990935
4.35747
1.42763
1.19683
4.17773
2.15016
9.7576
2.65316
1.09082
6.62279
1.47221
1.31836
0.829532
2.03395
2.22588
3.23611
0.735488
0.100531
0.374669
0.0180672
1.85196
0.128918
2.2885
2.6331
4.1621
1.99166
3.91466
5.01697
1.90098
0.813494
1.74267
0.559835
1.57003
0.854454
1.13641
2.80428
1.9176
4.95749
0.0161469
2.14357
2.7157
0.663609
1.6783
0.65351
0.939838
4.77157
3.21586
0.639676
1.49065
0.64122
0.907233
4.90883
1.79066
0.21372
1.81947
1.15691
0.838802
3.2131
0.620662
0.880421
1.3403
1.6797
0.892263
1.32643
0.479159
0.383088
8.627
0.539281
1.30015
0.578249
9.5072
0.0693331
5.50741
1.57036
2.12746
0.673081
3.03425
1.14298
1.46424
0.829286
2.41802
2.42846
6.21075
1.8369
3.39854
1.43675
1.28121
0.679884
5.41216
0.0627859
2.90818
2.53239
0.738751
0.455597
0.902176
8.66268
1.19229
0.233539
0.849272
1.08253
2.28303
0.717109
1.72471
0.611815
4.28072
2.34053
1.13801
0.201042
1.15125
7.50508
0.58562
0.335157
1.37914
0.0304307
6.25962
0.175945
0.5777
2.7773
1.27571
1.25134
2.41036
0.0763625
1.15753
4.00928
0.683797
4.17716
1.53407
1.14171
0.470514
0.578126
3.43795
2.01717
0.543317
8.53954
4.24478
2.03409
0.900245
1.31578
0.79024
0.672147
0.320571
4.11568
2.8237
7.62542
0.512692
2.77031
1.84534
0.189641
7.43496
1.38102
1.63076
1.32592
6.82564
2.73267
0.572161
0.841562
0.829316
1.8175
0.339129
1.55119
2.4322
2.47737
0.984444
1.77085
3.22188
0.762451
0.228299
2.13053
1.97789
0.790693
1.5982
2.10586
3.86725
5.40918
2.24701
5.1053
1.33735
1.7413
0.457108
1.61534
1.30495
4.80271
3.50781
11.4634
1.24865
0.525317
2.05056
0.731595
2.30724
0.408066
0.129372
0.757993
2.53403
4.70577
1.60004
0.739785
3.03992
1.2907
1.3198
5.96057
0.935117
1.58467
2.87482
0.767757
0.394293
1.31634
2.45644
12.4803
2.56544
2.44879
0.597895
0.204553
4.50937
6.20078
1.60655
0.12367
1.77537
0.976921
0.263969
2.96038
5.30771
2.47103
1.59947
0.536954
1.89984
1.65821
5.26925
0.0605142
3.48079
3.53771
1.72539
0.0479496
6.7582
0.825345
4.22216
1.12622
4.08025
0.450314
0.812449
1.91215
1.72085
6.12444
3.71839
2.80109
6.1329
1.25703
1.64886
0.23036
3.95657
3.8414
8.2974
1.62081
1.35308
0.462462
4.68351
1.21701
1.8996
1.0377
0.444662
0.42912
0.870932
1.26029
1.88744
7.28205
1.86218
1.28443
1.09782
0.0350499
1.09003
0.0902741
1.351
3.73219
0.64836
1.59771
0.450021
1.27326
1.87173
1.47956
3.82274
1.2499
1.29098
0.108191
0.939519
1.09767
4.68504
3.83127
0.463149
4.49185
2.39921
0.507628
0.612687
0.11787
0.431219
2.46014
0.288451
0.713196
1.32299
0.855939
3.84149
1.45665
0.538117
1.05712
0.522221
0.150567
1.66445
0.125566
0.209418
1.16413
2.22585
1.25321
2.58124
0.098046
0.680557
1.94918
0.84349
3.10618
1.28398
0.837303
0.782546
0.632562
1.90581
3.54175
4.90963
0.373449
0.567356
1.54471
0.106027
0.496622
1.32007
0.353378
7.52149
6.04663
2.04844
0.362307
0.90368
4.1282
2.13828
3.65139
1.3497
0.252748
2.06575
0.0786512
2.07216
9.50655
0.0356198
3.64493
4.29802
2.71101
1.40661
2.89443
1.03015
0.571715
0.603824
0.723547
3.95248
2.05575
6.25243
0.73606
4.33938
3.96143
2.81207
1.96462
0.0743653
0.460506
3.6657
3.97022
3.20577
0.480862
0.733851
3.02078
1.96883
0.858031
3.9148
4.64349
4.77263
0.111157
1.58254
1.59939
1.32751
1.2316
0.469812
1.3728
0.0995239
0.176415
0.42905
1.81661
2.69971
3.37049
3.43924
3.05594
1.03076
0.114865
1.13471
6.46424
1.97462
0.760718
0.177725
0.0324149
3.40154
1.38277
0.337296
0.736578
3.42976
0.861675
0.92402
0.925084
1.00425
1.31231
1.13819
0.763621
1.66987
1.64022
5.66301
0.372685
1.7575
2.61999
3.80606
0.915241
0.739457
2.97505
2.49999
0.147614
0.605492
0.604542
3.42841
0.677733
0.69563
1.14422
2.03106
4.16318
8.83284
1.28371
4.08591
6.59809
0.623123
0.205475
3.21053
0.104326
5.03019
0.686998
1.04384
0.516251
3.34692
6.40542
1.26802
1.02502
3.98499
0.410834
0.638305
0.392912
0.606582
0.471974
0.0217675
1.0749
2.95973
1.63243
0.387813
4.30281
1.02506
2.71873
2.79829
0.177359
2.27262
1.5561
9.96606
0.332573
11.1565
0.971706
0.373878
1.22619
0.24489
0.74882
3.10394
0.156591
3.50837
2.41259
1.15411
0.820007
1.83735
0.703827
4.71004
2.84605
0.0481171
0.848031
2.22151
3.454
0.642861
7.64501
2.26109
0.138241
1.74887
1.73179
1.55368
0.130441
0.266763
0.345894
1.05155
0.1067
2.78563
0.0862622
3.03586
0.596026
1.68052
0.533926
1.03893
0.714206
12.1188
0.977963
6.25911
0.911399
3.28933
2.68605
0.177056
0.189715
3.84711
0.614032
0.00879541
1.69366
0.170915
0.905012
2.24274
1.0055
1.13635
8.002
0.777419
7.47141
1.2075
1.89674
0.472556
0.20239
0.286342
0.0908366
1.23527
2.0479
3.95927
0.792214
0.138663
4.85605
1.54188
1.20361
1.36361
3.96966
0.328662
4.74368
2.4136
0.807657
0.00986484
0.608478
6.15881
6.36437
0.165347
6.9653
0.830008
1.38393
0.882434
0.224395
4.52453
0.0724845
0.201877
1.26721
0.551245
0.962696
0.0288668
0.720948
0.485511
0.538452
0.361397
4.28089
0.266504
0.353625
2.5472
6.34196
1.3777
1.34987
0.20758
2.849
5.12661
1.19437
1.09071
0.355432
2.71833
0.80793
1.10393
3.41462
0.163549
1.84387
0.670107
3.62928
4.83921
0.430323
4.49255
0.42962
1.82333
0.0593901
1.86024
0.737351
1.07902
7.82362
4.70061
0.613759
1.89481
5.91216
1.9029
2.79788
0.772208
0.46376
0.485094
0.517425
0.0694739
0.712779
9.02459
0.918262
0.268031
0.854835
0.427032
0.336538
2.43744
2.89973
12.5736
4.93504
0.509254
0.0392244
3.51851
1.4258
5.06216
2.7746
2.36095
0.391557
0.230156
1.94191
1.81741
0.109219
1.13545
1.74586
2.88008
0.0900011
3.86797
0.563829
1.35868
0.772143
4.27262
0.135509
0.437502
8.14098
2.97938
0.992689
1.96077
2.97918
1.04018
5.56419
0.694725
3.17654
3.20253
0.650752
7.56199
3.18942
8.12745
0.215655
0.415788
1.21611
1.41185
3.25799
1.64862
0.0795432
1.38568
1.83659
1.42631
1.04236
0.0447654
0.384379
2.48184
3.8772
0.223749
1.33311
1.69173
0.891587
0.710973
0.516885
0.0365608
0.117442
3.3222
0.496909
2.06686
1.75655
1.6143
0.220289
2.70739
2.48201
3.74452
0.592295
2.72757
0.618967
0.193854
0.972982
0.619633
1.55395
1.19472
0.388407
0.889744
0.525592
4.26364
2.20197
4.5994
0.737215
1.81707
